2.947214
2.908113
2.697947
2.306940
2.057673
1.837732
1.647116
1.637341
1.627566
1.583578
1.725318
1.832845
1.920821
1.911046
1.691105
1.251222
0.840665
0.444770
0.112414
0.039101
0.024438
0.034213
0.029326
0.034213
0.034213
0.029326
0.171065
0.777126
1.529814
2.223851
2.741935
3.015640
3.123167
3.079179
2.825024
2.502444
2.145650
1.715543
1.348974
1.114370
1.348974
2.311828
3.675464
3.675464
3.675464
3.675464
3.680352
3.680352
3.675464
3.675464
3.675464
3.675464
3.675464
3.675464
3.675464
3.675464
3.675464
3.675464
3.675464
3.680352
3.680352
3.675464
3.675464
3.675464
3.675464
3.675464
3.675464
3.675464
3.675464
3.675464
3.680352
3.675464
3.675464
3.680352
3.675464
3.675464
3.675464
3.675464
3.675464
3.675464
3.675464
3.675464
3.675464
3.675464
3.675464
3.675464
3.675464
3.680352
3.675464
3.675464
3.675464
3.675464
0.645161
0.048876
0.068426
0.068426
0.058651
0.058651
0.058651
0.058651
0.058651
0.058651
0.053763
0.000000
3.675464
3.675464
3.621701
0.293255
0.053763
0.053763
0.053763
0.058651
0.058651
0.058651
0.053763
0.053763
0.053763
0.034213
0.058651
0.058651
0.053763
0.053763
0.058651
0.053763
0.053763
0.053763
0.053763
0.053763
0.053763
0.053763
0.053763
0.053763
0.053763
0.053763
0.058651
0.053763
0.053763
0.053763
0.053763
0.048876
0.053763
0.053763
0.053763
0.053763
0.053763
0.053763
0.053763
0.053763
0.053763
0.053763
0.048876
0.058651
0.048876
0.053763
0.053763
0.053763
0.053763
0.053763
0.053763
0.048876
0.053763
0.053763
0.053763
0.053763
0.048876
0.053763
0.053763
0.048876
0.053763
0.048876
0.043988
0.053763
0.048876
0.053763
0.053763
0.048876
0.048876
0.053763
0.048876
0.048876
0.048876
0.048876
0.048876
0.048876
0.053763
0.053763
0.048876
0.048876
0.048876
0.048876
0.053763
0.048876
0.053763
0.048876
0.048876
0.048876
0.048876
0.043988
0.048876
0.048876
0.048876
0.048876
0.048876
0.048876
0.048876
0.043988
0.048876
0.048876
0.043988
0.048876
0.048876
0.048876
0.048876
0.048876
0.043988
0.048876
0.048876
0.048876
0.048876
0.043988
0.043988
0.043988
0.048876
0.043988
0.043988
0.043988
0.048876
0.048876
0.043988
0.043988
0.043988
0.043988
0.043988
0.048876
0.043988
0.043988
0.043988
0.043988
0.043988
0.048876
0.043988
0.043988
0.043988
0.043988
0.043988
0.043988
0.043988
0.043988
0.043988
0.043988
0.048876
0.043988
0.043988
0.039101
0.043988
0.043988
0.043988
0.043988
0.043988
0.043988
0.039101
0.043988
0.039101
0.039101
0.039101
0.043988
0.043988
0.039101
0.039101
0.043988
0.039101
0.043988
0.043988
0.043988
0.043988
0.043988
0.039101
0.043988
0.043988
0.043988
0.043988
0.043988
0.039101
0.039101
0.039101
0.043988
0.043988
0.043988
0.043988
0.043988
0.043988
0.043988
0.043988
0.039101
0.039101
0.039101
0.043988
0.039101
0.043988
0.039101
0.039101
0.039101
0.039101
0.039101
0.039101
0.043988
0.039101
0.043988
0.043988
0.039101
0.039101
0.039101
0.039101
0.039101
0.034213
0.039101
0.039101
0.043988
0.039101
0.039101
0.039101
0.043988
0.043988
0.039101
0.039101
0.039101
0.043988
0.039101
0.039101
0.039101
0.039101
0.039101
0.039101
0.039101
0.043988
0.039101
0.039101
0.039101
0.039101
0.039101
0.043988
0.039101
0.034213
0.039101
0.043988
0.043988
0.039101
0.039101
0.039101
0.039101
0.043988
0.043988
0.034213
0.039101
0.039101
0.039101
0.039101
0.034213
0.039101
0.039101
0.034213
0.039101
0.039101
0.039101
0.039101
0.034213
0.039101
0.034213
0.034213
0.039101
0.039101
0.039101
0.039101
0.039101
0.039101
0.039101
0.039101
0.034213
0.034213
0.034213
0.039101
0.034213
0.034213
0.034213
0.034213
0.034213
0.034213
0.034213
0.039101
0.039101
0.034213
0.034213
0.039101
0.034213
0.034213
0.034213
0.034213
0.039101
0.034213
0.034213
0.034213
0.034213
0.039101
0.039101
0.034213
0.039101
0.034213
0.034213
0.034213
0.034213
0.034213
0.034213
0.034213
0.034213
0.034213
0.034213
0.039101
0.039101
0.039101
0.034213
0.034213
0.034213
0.034213
0.039101
0.034213
0.034213
0.034213
0.034213
0.029326
0.034213
0.034213
0.029326
0.034213
0.029326
0.034213
0.029326
0.034213
0.029326
0.029326
0.034213
0.034213
0.034213
0.034213
0.039101
0.034213
0.034213
0.034213
0.034213
0.034213
0.034213
0.039101
0.034213
0.034213
0.034213
0.034213
0.039101
0.034213
0.034213
0.034213
0.039101
0.034213
0.034213
0.034213
0.039101
0.034213
0.034213
0.029326
0.034213
0.034213
0.029326
0.034213
0.034213
0.029326
0.034213
0.034213
0.034213
0.029326
0.034213
0.034213
0.029326
0.034213
0.034213
0.034213
0.034213
0.127077
0.659824
1.021505
1.031281
0.840665
0.615836
0.542522
0.650049
0.762463
0.782014
0.703812
0.635386
0.576735
0.571847
0.650049
1.173020
2.018573
2.424242
2.380254
2.047898
1.647116
1.407625
1.373412
1.329423
1.221896
1.075269
0.938416
0.850440
0.801564
0.816227
1.207234
2.062561
2.585533
2.629521
2.375367
1.964809
1.681329
1.598240
1.559140
1.436950
1.265885
1.138807
1.021505
0.933529
0.899316
0.992180
1.612903
2.453568
2.829912
2.771261
2.458456
2.091887
1.862170
1.793744
1.715543
1.505376
1.295210
1.085044
0.962854
0.913979
0.874878
0.982405
1.598240
2.399805
2.732160
2.624633
2.326491
1.945259
1.715543
1.666667
1.583578
1.436950
1.280547
1.119257
1.001955
0.953079
0.938416
0.997067
1.520039
2.287390
2.653959
2.605083
2.306940
1.935484
1.705767
1.632454
1.534702
1.392962
1.221896
1.060606
0.938416
0.879765
0.874878
0.913979
1.392962
2.189638
2.644184
2.649071
2.394917
2.028348
1.779081
1.700880
1.686217
1.564027
1.397849
1.231672
1.094819
1.021505
0.992180
0.997067
1.251222
2.033236
2.619746
2.761486
2.575758
2.243402
1.955034
1.876833
1.827957
1.715543
1.524927
1.314761
1.138807
1.041056
1.001955
0.967742
1.109482
1.779081
2.404692
2.600195
2.478006
2.150538
1.867058
1.798631
1.808407
1.774194
1.647116
1.476051
1.285435
1.158358
1.089932
1.041056
1.236559
1.911046
2.468231
2.629521
2.482893
2.199414
1.950147
1.881720
1.832845
1.735093
1.568915
1.378299
1.217009
1.119257
1.045943
1.060606
1.466276
2.170088
2.565982
2.585533
2.414467
2.101662
1.911046
1.867058
1.808407
1.671554
1.485826
1.304985
1.158358
1.065494
1.011730
1.163245
1.857283
2.448680
2.653959
2.600195
2.365591
2.096774
1.969697
1.901271
1.803519
1.642229
1.446725
1.285435
1.173020
1.109482
1.119257
1.593353
2.248289
2.590420
2.639296
2.521994
2.287390
2.111437
2.038123
1.974585
1.837732
1.666667
1.490714
1.363636
1.285435
1.236559
1.471163
2.043011
2.473118
2.619746
2.575758
2.380254
2.170088
2.062561
1.999022
1.876833
1.720430
1.534702
1.368524
1.246334
1.148583
1.226784
1.749756
2.243402
2.463343
2.438905
2.272727
2.013685
1.876833
1.798631
1.695992
1.544477
1.358749
1.177908
1.031281
0.943304
0.943304
1.348974
2.018573
2.380254
2.458456
2.346041
2.101662
1.896383
1.813294
1.735093
1.588465
1.388074
1.168133
0.982405
0.879765
0.821114
0.835777
1.344086
2.043011
2.404692
2.443793
2.287390
2.013685
1.803519
1.725318
1.661779
1.520039
1.334311
1.168133
1.050831
0.962854
0.889541
1.055718
1.744868
2.326491
2.541544
2.502444
2.267840
1.984360
1.842620
1.798631
1.725318
1.598240
1.436950
1.290323
1.177908
1.070381
1.055718
1.471163
2.468231
3.675464
3.675464
3.665689
3.670577
3.665689
3.665689
3.665689
3.665689
3.665689
3.665689
3.670577
3.670577
3.670577
3.670577
3.670577
3.675464
3.670577
3.670577
3.670577
3.670577
3.675464
3.675464
3.675464
3.675464
3.675464
3.675464
3.670577
3.675464
3.675464
3.675464
3.675464
3.675464
3.670577
3.675464
3.675464
3.670577
3.675464
3.670577
3.675464
3.675464
3.675464
3.675464
3.675464
3.675464
3.675464
3.675464
3.675464
3.675464
3.675464
3.675464
3.675464
3.675464
3.670577
3.675464
3.675464
3.670577
3.675464
3.675464
3.675464
3.675464
3.675464
3.675464
3.675464
3.670577
3.670577
3.675464
3.670577
3.675464
3.675464
3.675464
3.675464
3.675464
3.675464
3.680352
3.670577
3.675464
3.675464
3.675464
3.675464
3.675464
3.675464
3.675464
3.675464
3.670577
3.675464
3.675464
3.675464
3.675464
3.675464
3.675464
3.680352
3.675464
3.670577
3.670577
3.675464
3.675464
3.675464
3.675464
3.675464
3.675464
3.675464
3.675464
3.675464
3.675464
3.670577
3.675464
3.675464
3.675464
3.675464
3.675464
3.675464
3.675464
3.675464
3.675464
3.675464
3.675464
3.675464
3.670577
3.675464
3.675464
3.675464
3.675464
3.675464
3.675464
3.670577
3.675464
3.675464
3.675464
3.675464
3.675464
3.680352
3.675464
3.675464
3.675464
3.680352
3.675464
3.675464
3.670577
3.675464
3.675464
3.675464
3.670577
3.675464
3.675464
3.675464
3.675464
3.675464
3.680352
3.675464
3.675464
3.675464
3.675464
3.675464
3.675464
3.675464
3.675464
3.675464
3.675464
3.675464
3.675464
3.680352
3.675464
3.675464
3.675464
3.675464
3.675464
3.675464
3.675464
3.675464
3.675464
3.675464
3.675464
3.675464
3.675464
3.675464
3.675464
3.675464
3.675464
3.675464
3.680352
3.675464
3.675464
3.675464
3.675464
3.675464
3.675464
3.675464
3.675464
3.675464
3.675464
3.680352
3.675464
3.675464
3.675464
3.675464
3.675464
3.675464
3.675464
3.675464
3.675464
3.675464
3.675464
3.675464
3.675464
3.675464
3.675464
3.675464
3.675464
3.675464
3.675464
3.675464
3.675464
3.680352
3.675464
3.675464
3.675464
3.675464
3.675464
3.675464
3.675464
3.675464
3.675464
3.675464
3.675464
3.680352
3.680352
2.580645
0.043988
0.034213
0.034213
0.043988
0.043988
0.043988
0.053763
0.053763
0.053763
0.053763
0.053763
0.053763
0.048876
0.043988
0.043988
0.068426
0.053763
0.053763
0.053763
0.053763
0.053763
0.053763
0.053763
0.053763
0.053763
0.053763
0.053763
0.053763
0.053763
0.053763
0.053763
0.053763
0.053763
0.048876
0.058651
0.053763
0.053763
0.053763
0.053763
0.053763
0.053763
0.053763
0.053763
0.048876
0.053763
0.053763
0.048876
0.053763
0.053763
0.048876
0.048876
0.053763
0.053763
0.053763
0.053763
0.053763
0.048876
0.048876
0.053763
0.053763
0.053763
0.048876
0.053763
0.048876
0.048876
0.048876
0.048876
0.048876
0.048876
0.048876
0.048876
0.048876
0.053763
0.048876
0.048876
0.043988
0.048876
0.053763
0.048876
0.048876
0.048876
0.048876
0.053763
0.048876
0.048876
0.048876
0.048876
0.048876
0.048876
0.048876
0.048876
0.048876
0.048876
0.053763
0.048876
0.048876
0.048876
0.048876
0.043988
0.048876
0.048876
0.048876
0.048876
0.043988
0.043988
0.048876
0.048876
0.048876
0.048876
0.043988
0.048876
0.043988
0.043988
0.048876
0.043988
0.043988
0.048876
0.048876
0.043988
0.043988
0.043988
0.048876
0.048876
0.043988
0.043988
0.043988
0.048876
0.043988
0.043988
0.043988
0.043988
0.043988
0.043988
0.043988
0.043988
0.039101
0.043988
0.043988
0.043988
0.048876
0.043988
0.043988
0.043988
0.043988
0.039101
0.048876
0.043988
0.043988
0.043988
0.043988
0.043988
0.043988
0.043988
0.043988
0.043988
0.043988
0.043988
0.043988
0.043988
0.039101
0.043988
0.039101
0.043988
0.039101
0.043988
0.043988
0.039101
0.043988
0.043988
0.043988
0.043988
0.043988
0.039101
0.014663
1.774194
3.675464
3.675464
3.675464
3.675464
3.675464
3.675464
3.675464
3.675464
3.670577
3.675464
3.675464
3.675464
3.675464
3.675464
3.670577
3.675464
3.690127
3.670577
3.675464
3.675464
3.675464
3.670577
3.675464
3.675464
3.675464
3.675464
3.675464
3.675464
3.675464
3.675464
3.675464
3.670577
3.675464
3.675464
3.675464
3.675464
3.675464
3.675464
3.675464
3.675464
3.670577
3.675464
3.675464
3.675464
3.675464
3.680352
3.675464
3.675464
3.675464
3.675464
3.675464
3.680352
3.680352
3.675464
3.670577
3.675464
3.675464
3.675464
3.690127
0.048876
1.749756
3.675464
3.675464
3.675464
3.680352
3.675464
3.675464
3.675464
3.675464
3.675464
3.680352
3.680352
3.675464
3.675464
0.000000
3.680352
3.675464
3.680352
3.675464
3.695015
3.675464
3.704790
3.695015
3.680352
3.675464
3.675464
3.675464
3.675464
3.680352
3.680352
3.680352
3.675464
3.680352
3.675464
3.680352
3.680352
3.680352
3.685240
3.680352
3.685240
3.680352
3.675464
3.680352
3.680352
3.680352
3.690127
3.655914
3.680352
3.680352
3.680352
3.680352
3.680352
3.680352
3.680352
3.665689
3.675464
3.680352
3.685240
3.680352
3.680352
3.680352
3.685240
3.680352
3.680352
3.680352
3.680352
3.685240
3.680352
3.685240
3.680352
3.680352
3.680352
3.685240
3.685240
3.685240
3.685240
3.680352
3.685240
3.685240
3.680352
3.685240
3.680352
3.680352
3.685240
3.685240
3.685240
3.685240
3.685240
3.343108
0.073314
0.058651
0.034213
0.009775
3.646139
3.685240
3.685240
3.685240
3.690127
3.685240
3.685240
3.685240
3.690127
3.685240
3.690127
0.092864
0.053763
0.000000
3.685240
3.685240
3.685240
3.680352
3.685240
3.690127
3.685240
3.685240
3.685240
3.685240
3.690127
3.690127
3.690127
3.690127
0.239492
0.058651
0.058651
0.058651
0.053763
0.000000
3.685240
3.690127
3.690127
3.690127
3.685240
3.690127
3.685240
3.690127
3.690127
3.690127
3.690127
0.503421
0.068426
0.058651
0.039101
0.000000
3.685240
3.685240
3.690127
3.690127
3.690127
3.690127
3.690127
3.690127
3.690127
3.690127
3.690127
0.679374
0.053763
0.053763
0.039101
0.024438
2.429130
3.690127
3.690127
3.690127
3.690127
3.685240
3.685240
3.690127
3.690127
3.690127
0.288368
0.063539
0.048876
0.043988
0.835777
3.690127
3.690127
3.690127
3.690127
3.690127
3.690127
3.690127
3.690127
3.699902
0.063539
0.058651
0.053763
0.043988
0.014663
3.377322
3.690127
3.690127
3.695015
3.690127
3.695015
3.690127
3.695015
0.581623
0.068426
0.053763
0.053763
0.043988
0.034213
0.000000
3.690127
3.690127
3.690127
3.690127
3.690127
3.690127
3.690127
3.690127
3.690127
3.690127
3.690127
3.699902
0.200391
0.058651
0.058651
0.053763
0.000000
3.690127
3.690127
3.690127
3.695015
3.695015
3.695015
3.695015
3.690127
3.695015
3.690127
3.695015
0.425220
0.063539
0.058651
0.053763
0.058651
0.058651
0.058651
0.053763
0.053763
0.000000
0.307918
3.514174
3.651026
3.695015
3.695015
3.690127
3.445748
0.097752
0.068426
0.063539
0.058651
0.058651
0.063539
0.058651
0.058651
0.053763
0.000000
0.405670
3.690127
3.690127
3.695015
3.695015
3.699902
3.196481
0.068426
0.058651
0.058651
0.058651
0.058651
0.058651
0.058651
0.053763
0.004888
1.275660
3.695015
3.695015
3.695015
3.690127
3.695015
3.695015
0.298143
0.068426
0.058651
0.058651
0.058651
0.034213
0.034213
0.029326
0.034213
0.645161
3.695015
3.695015
3.695015
3.695015
3.695015
3.695015
3.695015
0.571847
0.068426
0.058651
0.053763
0.043988
0.024438
0.029326
0.034213
0.029326
0.972630
2.038123
1.593353
0.039101
0.034213
0.043988
0.043988
0.078201
0.063539
0.058651
0.058651
0.058651
0.058651
0.053763
0.019550
0.014663
3.690127
3.695015
3.699902
3.695015
3.695015
3.695015
0.434995
0.063539
0.058651
0.058651
0.058651
0.053763
0.058651
0.043988
2.350929
3.690127
3.695015
3.695015
3.695015
3.699902
3.695015
3.695015
3.704790
0.063539
0.058651
0.053763
0.053763
0.053763
0.034213
0.019550
3.690127
3.690127
3.695015
3.695015
3.695015
3.695015
3.695015
3.695015
3.709677
0.058651
0.058651
0.058651
0.058651
0.053763
0.000000
2.634409
3.695015
3.695015
3.695015
3.695015
3.695015
3.695015
3.695015
3.695015
3.714565
0.058651
0.053763
0.053763
0.058651
0.058651
0.048876
0.000000
3.695015
3.695015
3.695015
3.695015
3.695015
3.695015
3.695015
3.695015
3.699902
3.704790
0.039101
0.043988
0.053763
0.048876
0.043988
0.058651
0.298143
3.695015
3.699902
3.695015
3.695015
3.695015
3.695015
3.695015
3.699902
0.131965
0.063539
0.058651
0.053763
0.058651
0.053763
0.004888
1.627566
3.695015
3.695015
3.695015
3.699902
3.699902
3.695015
3.699902
0.215054
0.058651
0.058651
0.058651
0.048876
0.000000
3.695015
3.695015
3.695015
3.699902
3.699902
3.695015
3.699902
3.695015
3.699902
3.699902
3.699902
0.566960
0.058651
0.058651
0.053763
0.039101
0.024438
0.029326
1.969697
3.699902
3.699902
3.699902
3.699902
2.434018
0.034213
3.695015
3.699902
3.695015
3.704790
0.136852
0.063539
0.063539
0.058651
0.039101
0.014663
0.483871
3.699902
3.704790
3.695015
3.699902
3.699902
1.251222
0.068426
0.063539
0.058651
0.058651
0.053763
0.024438
0.014663
3.333333
3.695015
3.695015
3.695015
3.699902
3.699902
3.699902
3.699902
3.695015
3.699902
3.699902
3.699902
3.699902
3.699902
3.699902
3.699902
3.695015
3.699902
3.695015
3.699902
3.699902
3.699902
3.699902
3.695015
3.699902
3.699902
3.695015
3.699902
3.704790
3.695015
3.699902
3.695015
3.704790
3.699902
3.699902
3.704790
3.699902
3.699902
3.699902
3.699902
3.704790
3.699902
3.699902
3.699902
3.699902
3.695015
3.699902
3.699902
3.699902
3.699902
3.704790
3.699902
3.704790
3.699902
3.699902
3.699902
3.699902
3.704790
3.704790
3.699902
3.695015
3.704790
3.699902
3.699902
3.699902
3.704790
3.699902
3.699902
3.699902
3.704790
3.699902
3.699902
3.699902
3.704790
3.699902
3.699902
3.699902
3.699902
3.699902
3.699902
3.699902
3.704790
3.699902
3.704790
3.699902
3.699902
3.699902
3.699902
3.699902
3.699902
3.704790
3.699902
3.699902
3.704790
3.704790
3.704790
3.704790
3.699902
3.699902
3.704790
3.699902
3.699902
3.699902
3.699902
3.704790
3.699902
3.699902
3.704790
3.699902
3.704790
3.704790
3.704790
3.704790
3.704790
3.699902
3.704790
3.699902
3.704790
3.704790
3.704790
3.704790
3.699902
3.704790
3.699902
3.704790
3.699902
3.699902
3.699902
3.704790
3.704790
3.680352
1.080156
0.058651
0.058651
0.063539
0.058651
0.078201
0.073314
0.068426
0.063539
0.053763
0.048876
0.073314
0.068426
0.063539
0.063539
0.063539
0.068426
0.068426
0.068426
0.063539
0.068426
0.063539
0.063539
0.063539
0.063539
0.063539
0.063539
0.063539
0.063539
0.063539
0.063539
0.063539
0.063539
0.063539
0.063539
0.063539
0.063539
0.063539
0.063539
0.063539
0.063539
0.063539
0.063539
0.058651
0.063539
0.063539
0.063539
0.063539
0.058651
0.058651
0.058651
0.063539
0.063539
0.058651
0.063539
0.058651
0.053763
0.058651
0.063539
0.063539
0.058651
0.063539
0.058651
0.058651
0.058651
0.063539
0.058651
0.058651
0.058651
0.058651
0.058651
0.058651
0.058651
0.058651
0.063539
0.058651
0.058651
0.058651
0.058651
0.053763
0.058651
0.058651
0.058651
0.058651
0.058651
0.058651
0.058651
0.063539
0.063539
0.058651
0.053763
0.053763
0.058651
0.058651
0.063539
0.058651
0.058651
0.058651
0.063539
0.058651
0.058651
0.058651
0.058651
0.058651
0.058651
0.058651
0.053763
0.058651
0.053763
0.058651
0.058651
0.058651
0.058651
0.053763
0.053763
0.058651
0.053763
0.053763
0.058651
0.058651
0.058651
0.058651
0.053763
0.053763
0.058651
0.058651
0.053763
0.053763
0.058651
0.053763
0.048876
0.058651
0.053763
0.053763
0.053763
0.058651
0.053763
0.053763
0.048876
0.053763
0.058651
0.053763
0.053763
0.053763
0.048876
0.048876
0.053763
0.048876
0.053763
0.048876
0.053763
0.053763
0.053763
0.053763
0.048876
0.053763
0.053763
0.053763
0.048876
0.053763
0.053763
0.053763
0.053763
0.048876
0.053763
0.053763
0.053763
0.053763
0.053763
0.053763
0.043988
0.053763
0.048876
0.048876
0.043988
0.048876
0.048876
0.053763
0.048876
0.053763
0.048876
0.048876
0.043988
0.053763
0.048876
0.048876
0.048876
0.048876
0.048876
0.048876
0.048876
0.048876
0.053763
0.048876
0.048876
0.048876
0.048876
0.048876
0.048876
0.048876
0.048876
0.048876
0.048876
0.048876
0.048876
0.048876
0.048876
0.048876
0.048876
0.048876
0.048876
0.048876
0.053763
0.048876
0.048876
0.053763
0.043988
0.048876
0.043988
0.048876
0.048876
0.048876
0.043988
0.048876
0.048876
0.048876
0.043988
0.048876
0.043988
0.048876
0.043988
0.043988
0.043988
0.048876
0.048876
0.048876
0.043988
0.043988
0.043988
0.048876
0.048876
0.048876
0.043988
0.043988
0.043988
0.048876
0.039101
0.043988
0.048876
0.043988
0.039101
0.043988
0.043988
0.048876
0.039101
0.048876
0.043988
0.039101
0.043988
0.039101
0.039101
0.043988
0.043988
0.043988
0.039101
0.043988
0.043988
0.043988
0.043988
0.043988
0.043988
0.043988
0.043988
0.043988
0.043988
0.039101
0.043988
0.043988
0.043988
0.039101
0.043988
0.043988
0.043988
0.043988
0.048876
0.043988
0.043988
0.043988
0.043988
0.039101
0.043988
0.043988
0.043988
0.039101
0.043988
0.039101
0.043988
0.043988
0.043988
0.039101
0.043988
0.039101
0.043988
0.039101
0.043988
0.043988
0.039101
0.039101
0.043988
0.043988
0.039101
0.039101
0.043988
0.039101
0.043988
0.043988
0.043988
0.039101
0.039101
0.043988
0.039101
0.039101
0.039101
0.039101
0.039101
0.039101
0.034213
0.039101
0.034213
0.034213
0.039101
0.039101
0.039101
0.039101
0.039101
0.039101
0.043988
0.039101
0.039101
0.039101
0.039101
0.034213
0.034213
0.039101
0.034213
0.039101
0.039101
0.039101
0.034213
0.039101
0.039101
0.039101
0.039101
0.039101
0.039101
0.039101
0.039101
0.039101
0.039101
0.034213
0.039101
0.034213
0.039101
0.034213
0.039101
0.039101
0.039101
0.039101
0.039101
0.039101
0.039101
0.039101
0.039101
0.034213
0.043988
0.039101
0.039101
0.039101
0.039101
0.034213
0.039101
0.034213
0.039101
0.039101
0.039101
0.039101
0.039101
0.039101
0.034213
0.043988
0.039101
0.034213
0.039101
0.039101
0.039101
0.039101
0.039101
0.039101
0.034213
0.034213
0.034213
0.039101
0.039101
0.034213
0.039101
0.039101
0.039101
0.034213
0.034213
0.034213
0.034213
0.039101
0.034213
0.034213
0.034213
0.034213
0.034213
0.039101
0.039101
0.034213
0.039101
0.034213
0.039101
0.034213
0.034213
0.039101
0.034213
0.039101
0.034213
0.029326
0.034213
0.039101
0.034213
0.039101
0.034213
0.034213
0.034213
0.034213
0.034213
0.034213
0.034213
0.034213
0.034213
0.034213
0.034213
0.034213
0.029326
0.034213
0.034213
0.034213
0.034213
0.034213
0.034213
0.034213
0.034213
0.097752
0.381232
0.557185
0.566960
0.439883
0.351906
0.483871
0.669599
0.713587
0.620723
0.449658
0.303030
0.175953
0.092864
0.136852
0.997067
2.067449
2.492669
2.507331
2.243402
1.867058
1.705767
1.695992
1.568915
1.285435
0.943304
0.606061
0.342131
0.161290
0.063539
0.420332
1.739980
2.619746
2.790811
2.556207
2.077224
1.744868
1.720430
1.695992
1.515152
1.226784
0.904203
0.610948
0.386119
0.249267
0.263930
1.300098
2.463343
2.922776
2.854350
2.448680
1.984360
1.852395
1.867058
1.779081
1.564027
1.275660
0.943304
0.640274
0.430108
0.327468
0.742913
2.057673
2.898338
3.064516
2.829912
2.350929
2.033236
1.999022
1.945259
1.759531
1.476051
1.158358
0.874878
0.620723
0.454545
0.351906
1.050831
2.262952
2.859237
2.878788
2.570870
2.135875
1.950147
1.964809
1.891496
1.661779
1.344086
1.036168
0.777126
0.610948
0.503421
0.801564
1.915933
2.693060
2.908113
2.712610
2.287390
1.984360
1.950147
1.906158
1.686217
1.353861
1.050831
0.782014
0.566960
0.420332
0.400782
1.241447
2.375367
2.908113
2.917889
2.629521
2.199414
1.999022
2.008798
1.906158
1.676442
1.388074
1.075269
0.806452
0.620723
0.527859
0.943304
2.023460
2.732160
2.869013
2.693060
2.321603
2.018573
1.969697
1.930596
1.744868
1.456501
1.129032
0.855327
0.620723
0.439883
0.395894
1.353861
2.306940
2.717498
2.658847
2.302053
1.881720
1.774194
1.764418
1.603128
1.290323
0.948192
0.635386
0.391007
0.239492
0.195503
0.933529
2.179863
2.839687
2.888563
2.619746
2.155425
1.974585
2.013685
1.920821
1.695992
1.397849
1.089932
0.826002
0.640274
0.527859
0.977517
2.199414
2.883676
3.064516
2.893451
2.526882
2.209189
2.140763
2.038123
1.818182
1.515152
1.207234
0.953079
0.772238
0.694037
0.723363
1.524927
2.521994
2.952102
2.981427
2.781036
2.385142
2.145650
2.072336
1.955034
1.725318
1.436950
1.158358
0.953079
0.826002
0.723363
0.723363
1.471163
2.350929
2.746823
2.781036
2.556207
2.179863
1.959922
1.896383
1.783969
1.539589
1.241447
0.938416
0.713587
0.562072
0.425220
0.366569
1.163245
2.233627
2.717498
2.732160
2.473118
2.047898
1.891496
1.891496
1.798631
1.588465
1.285435
0.992180
0.786901
0.664712
0.566960
0.992180
1.969697
2.649071
2.771261
2.585533
2.174976
1.930596
1.896383
1.818182
1.612903
1.339198
1.036168
0.806452
0.664712
0.562072
1.075269
2.150538
2.751711
2.849462
2.658847
2.253177
1.955034
1.915933
1.847507
1.647116
1.358749
1.045943
0.791789
0.615836
0.503421
0.982405
2.038123
2.693060
2.873900
2.756598
2.399805
2.047898
1.945259
1.842620
1.617791
1.309873
0.977517
0.684262
0.469208
0.307918
0.581623
1.739980
2.536657
2.771261
2.663734
2.302053
1.955034
1.867058
1.823069
1.652004
1.368524
1.045943
0.762463
0.557185
0.420332
0.777126
1.920821
2.678397
2.869013
2.712610
2.287390
1.969697
1.930596
1.886608
1.725318
1.500489
1.265885
1.055718
0.918866
0.913979
1.559140
2.399805
2.751711
2.712610
2.424242
1.959922
1.695992
1.612903
1.476051
1.212121
0.918866
0.659824
0.483871
0.386119
0.762463
1.935484
2.727273
2.952102
2.859237
2.463343
2.072336
1.920821
1.808407
1.568915
1.212121
0.865103
0.576735
0.342131
0.259042
0.997067
2.199414
2.776149
2.878788
2.697947
2.253177
1.945259
1.867058
1.759531
1.524927
1.182796
0.840665
0.547410
0.307918
0.180841
0.816227
2.086999
2.756598
2.888563
2.737048
2.297165
1.955034
1.876833
1.774194
1.529814
1.163245
0.801564
0.474096
0.234604
0.078201
0.083089
1.138807
2.434018
2.937439
2.932551
2.619746
2.189638
2.047898
1.999022
1.837732
1.544477
1.148583
0.757576
0.449658
0.263930
0.161290
0.869990
2.233627
2.898338
2.952102
2.668622
2.130987
1.881720
1.876833
1.788856
1.534702
1.153470
0.777126
0.444770
0.219941
0.097752
0.488759
2.023460
2.932551
3.147605
2.937439
2.438905
1.969697
1.876833
1.832845
1.612903
1.212121
0.772238
0.410557
0.156403
0.039101
0.185728
1.476051
2.776149
3.220919
3.128055
2.717498
2.155425
1.915933
1.876833
1.735093
1.427175
1.006843
0.596285
0.278592
0.083089
0.053763
1.050831
2.605083
3.264907
3.264907
2.908113
2.365591
2.067449
2.033236
1.950147
1.700880
1.339198
0.972630
0.620723
0.381232
0.263930
0.987292
2.399805
3.054741
3.074291
2.697947
2.106549
1.730205
1.720430
1.671554
1.427175
1.045943
0.620723
0.303030
0.083089
0.034213
0.669599
2.184751
2.971652
3.025415
2.658847
2.033236
1.656891
1.666667
1.642229
1.397849
1.016618
0.620723
0.322581
0.156403
0.288368
1.564027
2.859237
3.181818
2.937439
2.311828
1.788856
1.744868
1.813294
1.695992
1.378299
1.016618
0.689150
0.434995
0.425220
1.549365
2.829912
3.250244
3.074291
2.536657
1.984360
1.867058
1.871945
1.725318
1.451613
1.153470
0.855327
0.801564
1.471163
3.010753
3.695015
3.690127
3.690127
3.690127
3.680352
3.675464
3.680352
3.680352
3.680352
3.685240
3.685240
3.690127
3.685240
3.690127
3.690127
3.690127
3.690127
3.690127
3.690127
3.690127
3.690127
3.690127
3.690127
3.690127
3.690127
3.690127
3.695015
3.690127
3.690127
3.690127
3.690127
3.690127
3.690127
3.690127
3.690127
3.690127
3.690127
3.690127
3.690127
3.695015
3.695015
3.690127
3.690127
3.690127
3.690127
3.690127
3.690127
3.690127
3.690127
3.690127
3.690127
3.690127
3.690127
3.690127
3.690127
3.690127
3.695015
3.690127
3.690127
3.695015
3.690127
3.690127
3.690127
3.690127
3.690127
3.690127
3.690127
3.690127
3.690127
3.690127
3.695015
3.690127
3.690127
3.690127
3.690127
3.695015
3.690127
3.690127
3.690127
3.690127
3.690127
3.690127
3.690127
3.690127
3.690127
3.690127
3.690127
3.690127
3.690127
3.690127
3.690127
3.690127
3.690127
3.695015
3.690127
3.690127
3.690127
3.690127
3.690127
3.690127
3.690127
3.690127
3.690127
3.690127
3.690127
3.690127
3.690127
3.690127
3.690127
3.690127
3.690127
3.690127
3.695015
3.690127
3.690127
3.690127
3.690127
3.690127
3.690127
3.690127
3.690127
3.690127
3.690127
3.690127
3.690127
3.690127
3.695015
3.690127
3.690127
3.690127
3.690127
3.690127
3.690127
3.695015
3.695015
3.695015
3.690127
3.690127
3.690127
3.690127
3.690127
3.690127
3.695015
3.690127
3.690127
3.695015
3.690127
3.690127
3.690127
3.690127
3.690127
3.690127
3.695015
3.690127
3.695015
3.690127
